canvas 10 0 700 500
shape S0 rectangle
motion S0 0 10 300 50 50 0 0 255 10 70 300 50 50 255 0 0
motion S0 40 10 300 50 50 0 0 255 50 130 300 50 50 255 0 0
motion S0 80 10 300 50 50 0 0 255 90 190 300 50 50 255 0 0
motion S0 120 10 300 50 50 0 0 255 130 250 300 50 50 255 0 0
motion S0 160 10 300 50 50 0 0 255 170 310 300 50 50 255 0 0
motion S0 200 10 300 50 50 0 0 255 210 370 300 50 50 255 0 0
motion S0 240 10 300 50 50 0 0 255 250 430 300 50 50 255 0 0
motion S0 280 10 300 50 50 0 0 255 290 490 300 50 50 255 0 0
motion S0 320 10 300 50 50 0 0 255 330 550 300 50 50 255 0 0
shape S1 rectangle
motion S1 0 70 300 30 30 0 0 255 10 10 300 30 30 255 0 0
motion S1 360 70 300 30 30 0 0 255 370 70 300 30 30 255 0 0
motion S1 560 70 300 30 30 0 0 255 570 130 300 30 30 255 0 0
motion S1 600 70 300 30 30 0 0 255 610 190 300 30 30 255 0 0
motion S1 760 70 300 30 30 0 0 255 770 250 300 30 30 255 0 0
motion S1 800 70 300 30 30 0 0 255 810 310 300 30 30 255 0 0
shape S2 rectangle
motion S2 40 130 300 20 20 0 0 255 50 70 300 20 20 255 0 0
motion S2 360 130 300 20 20 0 0 255 370 10 300 20 20 255 0 0
motion S2 720 130 300 20 20 0 0 255 730 70 300 20 20 255 0 0
motion S2 920 130 300 20 20 0 0 255 930 130 300 20 20 255 0 0
shape S3 rectangle
motion S3 80 190 300 40 40 0 0 255 90 130 300 40 40 255 0 0
motion S3 400 190 300 40 40 0 0 255 410 190 300 40 40 255 0 0
motion S3 440 190 300 40 40 0 0 255 450 250 300 40 40 255 0 0
motion S3 640 190 300 40 40 0 0 255 650 310 300 40 40 255 0 0
motion S3 680 190 300 40 40 0 0 255 690 370 300 40 40 255 0 0
shape S4 rectangle
motion S4 120 250 300 10 10 0 0 255 130 190 300 10 10 255 0 0
motion S4 400 250 300 10 10 0 0 255 410 130 300 10 10 255 0 0
motion S4 560 250 300 10 10 0 0 255 570 70 300 10 10 255 0 0
motion S4 720 250 300 10 10 0 0 255 730 10 300 10 10 255 0 0
shape S5 rectangle
motion S5 160 310 300 20 20 0 0 255 170 250 300 20 20 255 0 0
motion S5 440 310 300 20 20 0 0 255 450 190 300 20 20 255 0 0
motion S5 600 310 300 20 20 0 0 255 610 130 300 20 20 255 0 0
motion S5 880 310 300 20 20 0 0 255 890 190 300 20 20 255 0 0
shape S6 rectangle
motion S6 200 370 300 40 40 0 0 255 210 310 300 40 40 255 0 0
motion S6 480 370 300 40 40 0 0 255 490 370 300 40 40 255 0 0
motion S6 520 370 300 40 40 0 0 255 530 430 300 40 40 255 0 0
shape S7 rectangle
motion S7 240 430 300 25 25 0 0 255 250 370 300 25 25 255 0 0
motion S7 480 430 300 25 25 0 0 255 490 310 300 25 25 255 0 0
motion S7 640 430 300 25 25 0 0 255 650 250 300 25 25 255 0 0
motion S7 760 430 300 25 25 0 0 255 770 190 300 25 25 255 0 0
motion S7 840 430 300 25 25 0 0 255 850 250 300 25 25 255 0 0
shape S8 rectangle
motion S8 280 490 300 13 13 0 0 255 290 430 300 13 13 255 0 0
motion S8 520 490 300 13 13 0 0 255 530 370 300 13 13 255 0 0
motion S8 680 490 300 13 13 0 0 255 690 310 300 13 13 255 0 0
motion S8 800 490 300 13 13 0 0 255 810 250 300 13 13 255 0 0
motion S8 840 490 300 13 13 0 0 255 850 190 300 13 13 255 0 0
motion S8 880 490 300 13 13 0 0 255 890 130 300 13 13 255 0 0
motion S8 920 490 300 13 13 0 0 255 930 70 300 13 13 255 0 0
shape S9 rectangle
motion S9 320 550 300 45 45 0 0 255 330 490 300 45 45 255 0 0
