canvas 10 0 700 500
shape S0 ellipse
motion S0 10 10 300 50 50 0 0 255 20 250 300 50 50 255 0 0
motion S0 170 10 300 50 50 0 0 255 180 430 300 50 50 255 0 0
motion S0 290 10 300 50 50 0 0 255 300 490 300 50 50 255 0 0
motion S0 330 10 300 50 50 0 0 255 340 550 300 50 50 255 0 0
shape S1 ellipse
motion S1 50 70 300 30 30 0 0 255 60 490 300 30 30 255 0 0
motion S1 200 70 300 30 30 0 0 255 210 310 300 30 30 255 0 0
shape S2 ellipse
motion S2 80 130 300 20 20 0 0 255 90 130 300 20 20 255 0 0
motion S2 90 130 300 20 20 0 0 255 100 130 300 20 20 255 0 0
shape S3 ellipse
motion S3 130 190 300 40 40 0 0 255 140 310 300 40 40 255 0 0
motion S3 210 190 300 40 40 0 0 255 220 490 300 40 40 255 0 0
motion S3 280 190 300 40 40 0 0 255 290 430 300 40 40 255 0 0
shape S4 ellipse
motion S4 0 250 300 10 10 0 0 255 10 10 300 10 10 255 0 0
shape S5 ellipse
motion S5 120 310 300 20 20 0 0 255 130 190 300 20 20 255 0 0
shape S6 ellipse
motion S6 240 370 300 40 40 0 0 255 250 370 300 40 40 255 0 0
motion S6 250 370 300 40 40 0 0 255 260 370 300 40 40 255 0 0
shape S7 ellipse
motion S7 160 430 300 25 25 0 0 255 170 250 300 25 25 255 0 0
shape S8 ellipse
motion S8 40 490 300 13 13 0 0 255 50 70 300 13 13 255 0 0
shape S9 ellipse
motion S9 320 550 300 45 45 0 0 255 330 490 300 45 45 255 0 0
